SalesOrderID,SalesOrderDetailID,OrderQty,ProductID,UnitPrice,UnitPriceDiscount,LineTotal,rowguid,ModifiedDate
71774,110562,1,836,356.898,0,356.898,E3A1994C-7A68-4CE8-96A3-77FDD3BBD730,00:00.0
71774,110563,1,822,356.898,0,356.898,5C77F557-FDB6-43BA-90B9-9A7AEC55CA32,00:00.0
71776,110567,1,907,63.9,0,63.9,6DBFE398-D15D-425E-AA58-88178FE360E5,00:00.0
71780,110616,4,905,218.454,0,873.816,377246C9-4483-48ED-A5B9-E56F005364E0,00:00.0
71780,110617,2,983,461.694,0,923.388,43A54BCD-536D-4A1B-8E69-24D083507A14,00:00.0
71780,110618,6,988,112.998,0.4,406.7928,12706FAB-F3A2-48C6-B7C7-1CCDE4081F18,00:00.0
71780,110619,2,748,818.7,0,1637.4,B12F0D3B-5B4E-4F1F-B2F0-F7CDE99DD826,00:00.0
71780,110620,1,990,323.994,0,323.994,F117A449-039D-44B8-A4B2-B12001DACC01,00:00.0
71780,110621,1,926,149.874,0,149.874,92E5052B-72D0-4C91-9A8C-42591803667E,00:00.0
71780,110622,1,743,809.76,0,809.76,8BD33BED-C4F6-4D44-84FB-A7D04AFCD794,00:00.0
71780,110623,4,782,1376.994,0,5507.976,686999FB-42E6-4D00-9A14-83FFA86833E3,00:00.0
71780,110624,2,918,158.43,0,316.86,82940B03-C70B-4183-8660-6B3418908429,00:00.0
71780,110625,4,780,1391.994,0,5567.976,644B0CD6-B2C3-4E4D-AB43-091C2EF6C829,00:00.0
71780,110626,1,937,48.594,0,48.594,7F5FEB17-8EF4-4236-9F1C-15046D9638F0,00:00.0
71780,110627,6,867,41.994,0,251.964,AC78838D-B503-41A5-9791-480E528F028C,00:00.0
71780,110628,1,985,112.998,0.4,67.7988,2C10A282-A13D-442A-8F45-F4D6B23A7D9C,00:00.0
71780,110629,2,989,323.994,0,647.988,654FB79E-70DF-4B92-9832-9FA67013215B,00:00.0
71780,110630,3,991,323.994,0,971.982,3D6CA7AB-055E-4536-8940-76234CC9BCDE,00:00.0
71780,110631,1,992,323.994,0,323.994,560FEEE1-DD54-4C34-ABB1-4F8841D0AA41,00:00.0
71780,110632,2,993,323.994,0,647.988,19570052-4023-4658-BC56-DC5C619BD00E,00:00.0
71780,110633,2,984,112.998,0.4,135.5976,27562675-F8C3-4A38-BD9E-B366B83E5204,00:00.0
71780,110634,3,986,112.998,0.4,203.3964,E193CE39-EF33-4969-87B1-468D2F7B48AD,00:00.0
71780,110635,3,987,112.998,0.4,203.3964,E38E076F-5072-437A-A771-ADA53B5AB803,00:00.0
71780,110636,2,981,461.694,0,923.388,26C00B7D-6E19-4FBF-B9F1-23C2609E8893,00:00.0
71780,110637,3,982,461.694,0,1385.082,6666A81B-90A1-4204-A39E-9F660CA43E5F,00:00.0
71780,110638,5,783,1376.994,0,6884.97,332DCF9E-DFD2-4345-9015-F4B53AC396EE,00:00.0
71780,110639,3,809,37.152,0,111.456,C2B08405-A9BE-4F71-906C-5D7B1E26BDE4,00:00.0
71780,110640,1,810,72.162,0,72.162,351A29FB-CEB1-4CA6-BB36-506D87B82A95,00:00.0
71780,110641,2,935,24.294,0,48.588,1918CFD2-69E8-4593-B4D6-8677F18B8F62,00:00.0
71780,110642,1,925,149.874,0,149.874,21624302-CA0F-402F-8A46-5A3FFFA7D5F3,00:00.0
71780,110643,7,869,41.994,0,293.958,169C75F6-A364-46E3-8DDB-033528177458,00:00.0
71780,110644,1,880,32.994,0,32.994,C3FBB3EC-3FF6-4EE1-88CF-230E128815F3,00:00.0
71782,110667,3,714,29.994,0,89.982,E3B48EC1-8E67-4EF8-8EE0-8898167A3598,00:00.0
71782,110668,3,956,1430.442,0,4291.326,8F00F4BC-CFD1-473F-9FCE-191B7EB5F1AD,00:00.0
71782,110669,1,954,1430.442,0,1430.442,8D3B14C1-DF49-4919-942C-3BB379D7BE42,00:00.0
71782,110670,10,712,5.394,0,53.94,A7873B73-B47E-4A06-AFA4-805342A35E02,00:00.0
71782,110671,10,877,4.77,0,47.7,E7CB4BBF-3E8D-4C6E-8C87-C3D5A038266B,00:00.0
71782,110672,4,996,72.894,0,291.576,C4D69D25-2F3F-4978-B765-8255D489DB8D,00:00.0
71782,110673,6,864,38.1,0,228.6,C216D216-86CD-4E33-A713-6A97D344FA91,00:00.0
71782,110674,3,876,72,0,216,FD409A4F-DAB6-4499-81D2-07620F4ABA08,00:00.0
71782,110675,4,959,445.41,0,1781.64,CACD0B0C-270A-42BB-A48E-34A69248B19A,00:00.0
71782,110676,4,971,728.91,0,2915.64,5EDF45B8-D4FB-4714-957D-9666EA22F415,00:00.0
71782,110677,6,870,2.994,0,17.964,DC88BD9D-3DE5-49A7-B874-BADA950AB284,00:00.0
71782,110678,1,978,445.41,0,445.41,8BD27F52-34F9-498D-A838-366179F7075D,00:00.0
71782,110679,1,955,1430.442,0,1430.442,1D44BF7E-9C42-4CA1-AFD6-E6DDF9D85BC5,00:00.0
71782,110680,1,948,63.9,0,63.9,083CDD70-A4DF-44FD-863A-19B03DEEFBA4,00:00.0
71782,110681,1,994,32.394,0,32.394,8ED3D829-95AD-4BED-8894-9B76D20981B9,00:00.0
71782,110682,1,970,728.91,0,728.91,74E94A04-5C2B-4821-8FC7-069204B0BA4A,00:00.0
71782,110683,2,966,1430.442,0,2860.884,4E0A7F8E-58DA-4B23-8856-980FD461CFF8,00:00.0
71782,110684,4,884,32.394,0,129.576,5324B298-176E-4E92-9FC6-ED0C4DB55235,00:00.0
71782,110685,2,885,602.346,0,1204.692,598385DD-EA19-409E-8F17-03AB651165D0,00:00.0
71782,110686,8,715,29.994,0,239.952,4A23F5C7-D0C5-4703-8E42-69E9A280E9EF,00:00.0
71782,110687,3,894,72.876,0,218.628,EAAAE38B-FB67-4509-ABBD-FBAC1CAE2054,00:00.0
71782,110688,1,957,1430.442,0,1430.442,8D36D42E-5A61-4AA0-B8B7-A83DEEEB3DDE,00:00.0
71782,110689,2,967,1430.442,0,2860.884,406724B4-4733-4372-A4AC-84F4F493AA7E,00:00.0
71782,110690,7,708,20.994,0,146.958,4AA6F3DA-060B-4C22-B6B5-3A29C370AF8D,00:00.0
71782,110691,3,961,445.41,0,1336.23,35BA4320-0EF4-46C4-8E1B-71201D1F4FC5,00:00.0
71782,110692,2,979,445.41,0,890.82,BC718813-1D25-49C8-9369-4EC056C040D7,00:00.0
71782,110693,2,958,445.41,0,890.82,6A61199F-48C9-4DD1-8FC1-5825A1C8C7AE,00:00.0
71782,110694,1,963,445.41,0,445.41,48EADA4B-B0A7-4CD4-BD00-E7B8EEBBCFDE,00:00.0
71782,110695,1,953,728.91,0,728.91,8C2BE39E-66D9-437D-8D18-233702BC27B5,00:00.0
71782,110696,2,968,1430.442,0,2860.884,56F9396B-53F8-4386-8F08-6FEB33125913,00:00.0
71782,110697,2,951,242.994,0,485.988,35D889D9-676A-4B95-A2EA-28DA743C25A7,00:00.0
71782,110698,2,945,54.894,0,109.788,2D3AEF50-9ACE-4B59-BE1F-B9D709ECBDE2,00:00.0
71782,110699,1,916,31.584,0,31.584,20812393-5001-46EB-A7F6-69C537CBB76E,00:00.0
71782,110700,1,886,200.052,0,200.052,C09D7227-B5CB-4E1F-8489-C5456C71516E,00:00.0
71782,110701,1,892,602.346,0,602.346,00233509-2F29-4F6E-B84C-E1D38536D432,00:00.0
71782,110702,1,893,602.346,0,602.346,DF0FF5CA-B71F-49AB-852E-F4F1C934CE7A,00:00.0
71782,110703,6,881,32.394,0,194.364,87172507-65EE-414F-A162-1BC35F7AFF1F,00:00.0
71782,110704,4,883,32.394,0,129.576,A62B4EA2-985B-4C65-91D2-94E57A3B1A50,00:00.0
71782,110705,1,859,14.694,0,14.694,84402784-60D8-4A3B-B982-97661B060511,00:00.0
71782,110706,4,865,38.1,0,152.4,2FDE7943-7F34-42E3-A6F6-D8D8BA64103E,00:00.0
71782,110707,9,880,32.994,0,296.946,BC88C745-58EB-4681-9381-68FEF23D9334,00:00.0
71782,110708,6,711,20.994,0,125.964,C4DF556D-3A50-4E6D-BA45-4AD9C58CB4D5,00:00.0
71782,110709,3,707,20.994,0,62.982,EEFF1625-7749-4F51-A01D-3A9776B774F1,00:00.0
71783,110710,4,738,202.332,0,809.328,6600BD56-0E8E-4708-88AD-8B81CDDE0C66,00:00.0
71783,110711,6,939,37.254,0,223.524,49FF2935-0B3D-4BED-91D0-454C71A2CBBE,00:00.0
71783,110712,3,793,1466.01,0,4398.03,A13C9FA5-A227-4D2E-B1B9-4982187EDC65,00:00.0
71783,110713,4,977,323.994,0,1295.976,CF2858D7-F54F-4954-A9F2-87E132352D4E,00:00.0
71783,110714,9,880,32.994,0,296.946,BFBD21A7-253A-411A-9FE7-56884370529E,00:00.0
71783,110715,7,859,14.694,0,102.858,9CA42575-6BD2-4063-904A-F89DCDBFA00F,00:00.0
71783,110716,25,976,850.495,0.1,19136.1375,F9E75552-B9D0-4CFE-AC23-ABBFFA8DA03B,00:00.0
71783,110717,6,714,29.994,0,179.964,4003A2A8-7365-4F8B-9FEF-53D14B022E42,00:00.0
71783,110718,8,877,4.77,0,38.16,3650C9AC-764F-4A62-BD44-C9C302643C49,00:00.0
71783,110719,1,813,72.162,0,72.162,15B9C1AD-C3DE-474D-AC24-BF2062485549,00:00.0
71783,110720,6,881,32.394,0,194.364,7F2DC14D-5F9B-4D50-8A47-98EA49A83CE3,00:00.0
71783,110721,6,873,1.374,0,8.244,E447CABB-A2CD-4BB0-9927-A6285927BAEC,00:00.0
71783,110722,10,870,2.994,0,29.94,93D36328-D201-49C3-981B-0082F93F305A,00:00.0
71783,110723,1,822,356.898,0,356.898,710710B5-A4BE-4A71-8965-B5AC0C3F8732,00:00.0
71783,110724,1,799,672.294,0,672.294,BD3A6BD9-2D94-4BB2-B033-2CB2B879B666,00:00.0
71783,110725,2,858,14.694,0,29.388,17D042F8-7E71-4C98-A9E8-C06C6B046B9F,00:00.0
71783,110726,9,860,14.694,0,132.246,69287890-5CF2-48D4-842E-1AF037E8880B,00:00.0
71783,110727,15,864,34.925,0.05,497.68125,95523468-78C9-4659-A9E2-408F6139C1BC,00:00.0
71783,110728,3,938,24.294,0,72.882,6A7322F6-6E11-45C2-8B9E-004714CD9716,00:00.0
71783,110729,11,883,31.3142,0.02,337.567076,2BC7D17C-CB36-4ACD-A45E-5F6F0336A15A,00:00.0
71783,110730,6,722,202.332,0,1213.992,5E9D4A6A-6848-46C3-A6ED-4F5111B94302,00:00.0
71783,110731,9,884,32.394,0,291.546,443C9252-F746-4EC0-B838-2B02BEE947F6,00:00.0
71783,110732,7,998,323.994,0,2267.958,DB5FE5AD-EA68-4D7D-9B74-647141AC43B9,00:00.0
71783,110733,5,999,323.994,0,1619.97,ABDB8300-FF35-45F5-B4CA-9F627024EE30,00:00.0
71783,110734,4,797,672.294,0,2689.176,8F859C8B-6996-4E2D-9F0F-0DD0F8FEA8DB,00:00.0
71783,110735,1,798,672.294,0,672.294,D27D3EB4-56C3-4877-9902-264B2A236EAD,00:00.0
71783,110736,1,801,672.294,0,672.294,B9E766B8-CE94-4452-BB4B-02FA8138B193,00:00.0
71783,110737,5,973,1020.594,0,5102.97,22203517-0010-48F1-A777-5BB735226508,00:00.0
71783,110738,13,974,986.5742,0.02,12568.95531,AC5C5FC9-722C-4E0E-B1CA-BCF60CA65228,00:00.0
71783,110739,4,940,48.594,0,194.376,E09A8710-17CF-4E93-8D1B-89AD798E9058,00:00.0
71783,110740,3,835,356.898,0,1070.694,CC30CB7E-1260-48A9-8DEC-B7D95CC5533E,00:00.0
71783,110741,4,836,356.898,0,1427.592,0A9A4BEF-BB06-49B2-942D-C8A2CD010A84,00:00.0
71783,110742,4,838,858.9,0,3435.6,32E1242C-4571-46F4-B749-FDC8224186C8,00:00.0
71783,110743,2,718,858.9,0,1717.8,033A43F7-A88B-4D7C-8308-BC2AE7EC9779,00:00.0
71783,110744,17,715,27.4945,0.05,444.036175,B67B428A-14E3-4246-8D86-48CEEC873E8B,00:00.0
71783,110745,4,716,29.994,0,119.976,00C305B1-2D9C-488C-AE9D-983DCDA1DF06,00:00.0
71783,110746,1,875,5.394,0,5.394,115CB3DE-68BF-433C-934F-BF6EAD607011,00:00.0
71783,110747,10,865,38.1,0,381,9D1DFC31-93D5-463A-B188-6DE1A93A79B1,00:00.0
71783,110748,11,712,5.2142,0.02,56.209076,4DC0622C-E097-4B89-8466-148FCD95E6FB,00:00.0
71783,110749,15,711,19.2445,0.05,274.234125,E671D916-17C3-4DD1-B086-2B08B84877E2,00:00.0
71783,110750,2,876,72,0,144,65412ADA-B387-4EDF-B099-697CCF1F6CF7,00:00.0
71783,110751,10,707,20.994,0,209.94,D29B2630-1485-4FDE-8A3F-7C677A3CC567,00:00.0
71783,110752,11,708,20.2942,0.02,218.771476,71F6FBBF-3B29-4F55-ABD3-3577D6786501,00:00.0
71784,110753,2,711,20.994,0,41.988,D673A683-66C1-41D9-9C18-0F358E135AB7,00:00.0
71784,110754,8,885,602.346,0,4818.768,701CAC38-5268-4EE9-A66F-BA5E0F578743,00:00.0
71784,110755,2,954,1430.442,0,2860.884,0F40EF26-3A85-46A8-BBB2-A9B063AA43DD,00:00.0
71784,110756,11,870,2.8942,0.02,31.199476,1E115C68-5AF1-41D7-86C2-66F881153C6E,00:00.0
71784,110757,8,865,38.1,0,304.8,CC0C8BE2-787B-4C97-A568-02FACC05D55B,00:00.0
71784,110758,4,970,728.91,0,2915.64,3B529926-7AE8-4805-BC73-7BA460E5F1AB,00:00.0
71784,110759,1,959,445.41,0,445.41,D86EB183-494B-4BE4-889D-E14A16C29C9D,00:00.0
71784,110760,9,714,29.994,0,269.946,847F0227-DED8-4717-8F6F-DDAEACDD7CA0,00:00.0
71784,110761,10,712,5.394,0,53.94,85648CF9-A6E2-4DDC-AB71-D77D8CA27A12,00:00.0
71784,110762,4,972,728.91,0,2915.64,25E7C0F0-DAEA-4761-89FC-9B65CAA00648,00:00.0
71784,110763,8,877,4.77,0,38.16,5995A5A1-56FE-486A-8AC3-A96630355F1D,00:00.0
71784,110764,5,716,29.994,0,149.97,2258C121-5ABA-4D57-A8DE-56A6493F4547,00:00.0
71784,110765,11,965,430.563,0.02,4641.46914,4C8645BC-6DA7-465A-A1B8-9795C30920E5,00:00.0
71784,110766,6,958,445.41,0,2672.46,7FC16257-7D13-4B56-BCDF-8406522E5AE4,00:00.0
71784,110767,6,876,72,0,432,B488C4C2-E995-4314-BD7F-FBEACE20383E,00:00.0
71784,110768,2,899,200.052,0,400.104,851A9448-2136-49CD-BE6A-1E3CF23EF28A,00:00.0
71784,110769,6,858,14.694,0,88.164,9BF2D259-BF1E-4F41-9F37-F56A78E26A19,00:00.0
71784,110770,4,889,602.346,0,2409.384,9BB4B933-991F-4F9C-9BED-948C8023E1FB,00:00.0
71784,110771,7,962,445.41,0,3117.87,99D641DD-76D5-4334-9E55-99FF78125A94,00:00.0
71784,110772,2,895,200.052,0,400.104,61EFC1C5-71CE-4537-9EDE-723DD776A042,00:00.0
71784,110773,12,957,1382.7606,0.02,16261.26466,2608ABCF-0D68-4ADC-9F2F-45B931B3417D,00:00.0
71784,110774,8,979,445.41,0,3563.28,3B2DD1D1-CA84-40B0-9EE2-E8D97242760B,00:00.0
71784,110775,3,961,445.41,0,1336.23,4CFCD54C-299D-491C-ACAA-86F2C2DD98EF,00:00.0
71784,110776,5,963,445.41,0,2227.05,16FD8CCE-6D5D-4642-9D56-56D146310752,00:00.0
71784,110777,3,953,728.91,0,2186.73,5645B1BA-251A-4515-AA9A-6E9E86EEA4E7,00:00.0
71784,110778,4,966,1430.442,0,5721.768,E09D1EB7-627D-43ED-97AA-96BE7FAD32C3,00:00.0
71784,110779,6,967,1430.442,0,8582.652,0C2A84E5-A1E1-4A00-993F-19B4819AFBE0,00:00.0
71784,110780,10,969,1430.442,0,14304.42,A8EF0789-B2DA-411F-B777-DA449389D319,00:00.0
71784,110781,2,955,1430.442,0,2860.884,E8902B25-0C11-48F1-BA14-3A18072AE4DF,00:00.0
71784,110782,2,916,31.584,0,63.168,DEEFDF0C-FA8E-40CE-AB16-41F51B043796,00:00.0
71784,110783,3,896,200.052,0,600.156,EC43C98A-6838-4941-A503-3504B14FBE6B,00:00.0
71784,110784,1,900,200.052,0,200.052,3DBF3836-B3A9-48BA-8241-61DEA20DE368,00:00.0
71784,110785,1,893,602.346,0,602.346,061C861D-CADA-4884-A224-4DE4C00E97E5,00:00.0
71784,110786,8,715,29.994,0,239.952,937FC41C-A818-473D-88B4-D5FC930230F1,00:00.0
71784,110787,6,881,32.394,0,194.364,281D1C72-EC9A-4E76-93B8-F83217A26A2E,00:00.0
71784,110788,7,883,32.394,0,226.758,B7B5995F-02C9-473B-BBB5-1189F87832DC,00:00.0
71784,110789,3,884,32.394,0,97.182,0437F448-EDF0-48ED-8A88-0743E136D2DA,00:00.0
71784,110790,5,859,14.694,0,73.47,C466499E-5284-4B18-9E65-6C3628788963,00:00.0
71784,110791,23,864,34.925,0.05,763.11125,EDB4ED91-8E46-4E5E-9195-E476B7D2AD67,00:00.0
71784,110792,9,880,32.994,0,296.946,75F2181F-AD5C-4DC4-A52F-66CD7CAC3F7B,00:00.0
71784,110793,8,873,1.374,0,10.992,2B64CA83-B2FB-4AE5-A9EC-9EA1637317DB,00:00.0
71784,110794,10,707,20.994,0,209.94,B86D13FA-2545-4E15-9AB5-1162C1374A6C,00:00.0
71784,110795,12,708,20.2942,0.02,238.659792,21CBCFA9-6E2E-408F-AA28-CCC84FD4C60E,00:00.0
71796,111018,1,891,602.346,0,602.346,DD91E489-43B3-45C6-A4EA-E4D2E650019E,00:00.0
71796,111019,8,972,728.91,0,5831.28,46260489-CE09-41D8-ACE1-916E300D83C7,00:00.0
71796,111020,2,953,728.91,0,1457.82,C163C562-3ED8-41E3-AA66-2A78C3A7BFD0,00:00.0
71796,111021,1,916,31.584,0,31.584,18849A7F-AB84-4F0D-9345-A437AD535053,00:00.0
71796,111022,5,958,445.41,0,2227.05,13186B9F-42FC-487C-90FD-4EA96D113233,00:00.0
71796,111023,3,957,1430.442,0,4291.326,2DF66E6B-21E5-43B4-A91C-57FFD3033E18,00:00.0
71796,111024,9,969,1430.442,0,12873.978,24D90386-E9B3-40C4-8D04-EF0E2ACD30BB,00:00.0
71796,111025,2,967,1430.442,0,2860.884,73FF8746-1FA6-425A-99F0-3C76ED213701,00:00.0
71796,111026,3,979,445.41,0,1336.23,A96ADF3D-3F0E-439F-AD3C-23846C5F51EC,00:00.0
71796,111027,7,961,445.41,0,3117.87,32CBB9F9-6747-4B46-89C7-176928A7B742,00:00.0
71796,111028,2,965,445.41,0,890.82,4B67900D-8A1A-40D8-B654-73CFA183AC2E,00:00.0
71796,111029,1,970,728.91,0,728.91,B94D54D5-1146-43F1-BAAA-FD556194977C,00:00.0
71796,111030,3,954,1430.442,0,4291.326,C5592D27-D2A7-4687-9D43-F2F034DA8E72,00:00.0
71796,111031,1,955,1430.442,0,1430.442,9FC48164-06E3-47E3-8455-19F316C3014E,00:00.0
71796,111032,1,947,54.942,0,54.942,FDEDAB25-D27E-4D66-BB57-6A699846C3E9,00:00.0
71796,111033,1,899,200.052,0,200.052,77B7E9B6-142A-4216-8C71-F839990F536A,00:00.0
71796,111034,1,900,200.052,0,200.052,C54D207B-7EC9-4EA5-B0A7-C37C1D759B03,00:00.0
71796,111035,6,892,602.346,0,3614.076,A586DAF2-66E3-4EFF-93CE-A869C4EC6C51,00:00.0
71796,111036,1,893,602.346,0,602.346,AFDFDED7-2118-465C-8BB2-10A322DC37C2,00:00.0
71796,111037,2,885,602.346,0,1204.692,50CAFDBF-F978-4791-B376-386C2C22FA0C,00:00.0
71797,111038,4,711,20.994,0,83.976,9CFABD92-779C-4893-9DD1-652291E0CD71,00:00.0
71797,111039,2,838,858.9,0,1717.8,37AB902A-D1A1-421A-8AF0-89D144B28EFD,00:00.0
71797,111040,1,714,29.994,0,29.994,4C9F3C90-9122-42A6-B423-A3F927D39235,00:00.0
71797,111041,4,940,48.594,0,194.376,A0FCD9D2-E73D-4385-8711-F828C4DFCF41,00:00.0
71797,111042,16,883,29.6945,0.05,451.3564,143B1DB9-9435-4EAE-BC04-AF7B1A1C273C,00:00.0
71797,111043,2,913,31.584,0,63.168,11BAEC31-14FF-4009-B096-228A6687B44E,00:00.0
71797,111044,1,738,202.332,0,202.332,DD6121FB-30E7-47FF-AF1C-61B8DC690F10,00:00.0
71797,111045,3,722,202.332,0,606.996,AAB11DCE-3367-40C1-885C-CB7E72CDFDB9,00:00.0
71797,111046,5,835,356.898,0,1784.49,DB72C511-BD31-4E2A-B65A-6DEC0AAD6AEF,00:00.0
71797,111047,1,718,858.9,0,858.9,093129D0-66C4-44E6-AF23-45F0FBF0F1A4,00:00.0
71797,111048,4,715,29.994,0,119.976,14C471C4-B9D4-41A4-A7AD-BF3E339630AD,00:00.0
71797,111049,5,716,29.994,0,149.97,66FA5C4E-C414-46DB-B1E4-F29C56817D59,00:00.0
71797,111050,15,884,29.6945,0.05,423.146625,59634B96-5836-4E10-999A-4ECF310B3B16,00:00.0
71797,111051,3,875,5.394,0,16.182,37F87A70-AD19-4EED-B396-D1354AE8C08E,00:00.0
71797,111052,4,860,14.694,0,58.776,C197D7FC-0CDA-4544-9556-0D890655E4F5,00:00.0
71797,111053,6,712,5.394,0,32.364,665B21EE-2695-4156-8375-24FDF16BAD40,00:00.0
71797,111054,10,880,32.994,0,329.94,0992F82C-B35C-4EB3-B1E2-9C1884A48510,00:00.0
71797,111055,6,873,1.374,0,8.244,2324B995-DBF2-4792-B55D-5353428729D3,00:00.0
71797,111056,10,876,72,0,720,ED545DAB-6BF4-4564-B2DD-2D31EB0CA083,00:00.0
71797,111057,7,977,323.994,0,2267.958,0C938FED-3C16-450D-8937-3B039C9DDBD3,00:00.0
71797,111058,2,798,672.294,0,1344.588,663DD90E-0941-419B-8493-6BB3E829F803,00:00.0
71797,111059,2,813,72.162,0,144.324,7EC7B3B1-62EA-4C3F-A287-6514BE816D33,00:00.0
71797,111060,4,939,37.254,0,149.016,169F98EF-1AC7-4487-BC92-C801AFCF0247,00:00.0
71797,111061,2,801,672.294,0,1344.588,137EA529-E91D-404D-A2D4-5EDD73467162,00:00.0
71797,111062,6,998,323.994,0,1943.964,7BBD426B-5571-43AC-A63B-11B9801D83B5,00:00.0
71797,111063,4,999,323.994,0,1295.976,DA0727FC-962E-4444-A568-42279DE31654,00:00.0
71797,111064,3,938,24.294,0,72.882,6BDF723F-E816-45AD-9285-5ED8E6504630,00:00.0
71797,111065,5,794,1466.01,0,7330.05,1359B966-F7F4-4D6C-AE6B-99B5896B49B5,00:00.0
71797,111066,2,795,1466.01,0,2932.02,45F214A2-543B-4211-95B1-7D2360F217B3,00:00.0
71797,111067,10,797,672.294,0,6722.94,5002F031-D85D-42BF-81B0-A7784B9A66CB,00:00.0
71797,111068,8,881,32.394,0,259.152,838712D7-960E-40D1-A9B7-A03A3BBD8DF0,00:00.0
71797,111069,1,865,38.1,0,38.1,68FF53C6-989F-4278-9D34-929348D02B54,00:00.0
71797,111070,23,864,34.925,0.05,763.11125,FFE708C1-233C-40B2-8B8E-BC3CE6EEA5AF,00:00.0
71797,111071,9,976,1020.594,0,9185.346,A671B89D-BF3B-4454-B0D7-BBBD2B92AF1B,00:00.0
71797,111072,17,877,4.3725,0.05,70.615875,923B946A-58B9-4BCD-B8ED-F4AC3E043EA5,00:00.0
71797,111073,6,793,1466.01,0,8796.06,74F064E2-D628-404B-9661-15623D272B00,00:00.0
71797,111074,3,974,1020.594,0,3061.782,FC7535C2-AC75-4926-9422-265BBB1C21B0,00:00.0
71797,111075,6,707,20.994,0,125.964,5890DFC7-792B-4562-8844-EC930524778D,00:00.0
71797,111076,9,859,14.694,0,132.246,43968865-C807-4590-AB6D-7207504E81F0,00:00.0
71797,111077,5,973,1020.594,0,5102.97,2A9A17D3-50B5-45B2-BB62-2CF686B8C523,00:00.0
71797,111078,11,870,2.8942,0.02,31.199476,E35D5AC3-BE8E-4F38-AA41-55DFC2FFE751,00:00.0
71797,111079,2,717,858.9,0,1717.8,3B938F0D-7A0F-4209-A324-371E85AF3222,00:00.0
71797,111080,4,858,14.694,0,58.776,FED97E43-A1CE-4AEC-8C2E-14CF69AEFCB8,00:00.0
71797,111081,4,836,356.898,0,1427.592,2CB6FFB5-8F2C-46E2-A363-D108FACAA14D,00:00.0
71797,111082,12,708,20.2942,0.02,238.659792,D04D7CF4-E057-42BB-9632-BBB00BB2414E,00:00.0
71797,111083,2,822,356.898,0,713.796,CBE01F20-CA7E-4C94-83FC-260FC350EA2D,00:00.0
71815,111451,1,738,202.332,0,202.332,810E5535-2BDB-4D83-B26D-796E5CFF1A1B,00:00.0
71815,111452,2,835,356.898,0,713.796,DAEB0CFA-807C-46AC-8458-FFCCEF36B5B2,00:00.0
71815,111453,2,874,5.394,0,10.788,09F90EB4-24DE-4812-825E-45520602B437,00:00.0
71816,111454,1,953,728.91,0,728.91,B8A9720F-1F6F-4FE1-AD4A-AC70D4C905BD,00:00.0
71816,111455,1,954,1430.442,0,1430.442,EDC86C40-ECBD-45AF-912B-AE37D177821A,00:00.0
71816,111456,2,715,29.994,0,59.988,9F7406E4-25C9-431A-9891-F419E3F5253D,00:00.0
71816,111457,4,712,5.394,0,21.576,EE2CE69C-24EB-47FF-AB6C-BD5AABDCD6E9,00:00.0
71816,111458,3,883,32.394,0,97.182,AFFBB13E-55A8-4FA8-9CD7-809B1816C30D,00:00.0
71816,111459,1,961,445.41,0,445.41,B4E5503B-0FD8-4F2F-8675-E899DB180280,00:00.0
71816,111460,1,948,63.9,0,63.9,5F4F0AA9-ACC6-4EF7-AB68-17D0748A5512,00:00.0
71831,111790,2,869,41.994,0,83.988,73BC96FD-863B-441C-AEEA-25387C2D17AC,00:00.0
71831,111791,1,782,1376.994,0,1376.994,A5F59647-47B7-48FC-9000-0830E623981A,00:00.0
71831,111792,6,867,41.994,0,251.964,14F64FDC-4405-47B4-965C-B4F506515E8A,00:00.0
71832,111793,4,918,158.43,0,633.72,E3FEC901-9B4A-4873-8C34-74AE8600EB07,00:00.0
71832,111794,3,983,461.694,0,1385.082,039E1C26-D1E9-43EC-A2A9-FB0B73F1872D,00:00.0
71832,111795,2,781,1391.994,0,2783.988,2D9A186F-1F0E-40F1-8FA2-D459A04FBF83,00:00.0
71832,111796,1,868,41.994,0,41.994,68B0A471-B668-415A-8116-B285B4936395,00:00.0
71832,111797,1,810,72.162,0,72.162,E9BD1406-7EE1-4FD3-BB28-6F4B24D76218,00:00.0
71832,111798,1,980,461.694,0,461.694,B68452C3-17C1-4E61-BC1E-5543DE5A428B,00:00.0
71832,111799,2,925,149.874,0,299.748,69AF7AAD-E3FB-497C-873E-F6F352CE7754,00:00.0
71832,111800,2,985,112.998,0.4,135.5976,577D49D5-55B8-4D81-AD28-2EC13757CBC2,00:00.0
71832,111801,1,908,16.272,0,16.272,CC96C2F6-041D-4A67-A9FB-97A3CAC5852E,00:00.0
71832,111802,13,867,40.5942,0.02,517.170108,105F870D-F524-49CD-8F81-0AB5267ABDBC,00:00.0
71832,111803,3,782,1376.994,0,4130.982,A0A904F3-0180-4D33-ADAA-54FEEB64D511,00:00.0
71832,111804,1,937,48.594,0,48.594,FFAE3AA6-0642-40FD-A7D1-C1E34D2DF97C,00:00.0
71832,111805,1,936,37.254,0,37.254,BC390CDA-1143-4091-B9A4-52A6FFFF0857,00:00.0
71832,111806,4,743,809.76,0,3239.04,0DB92279-D76A-4868-9A47-856EC58093AB,00:00.0
71832,111807,5,904,218.454,0,1092.27,ECB3F9C5-98FE-412B-A24A-A8EABE5DFB0D,00:00.0
71832,111808,1,748,818.7,0,818.7,1841E141-8FCB-42EA-9F66-C4E1264FA470,00:00.0
71832,111809,1,910,31.584,0,31.584,DB5D32D2-526D-4277-A303-5A78E328EAEB,00:00.0
71832,111810,5,784,1376.994,0,6884.97,93B73EE3-9095-4BCE-B3B4-53FDA99C86C8,00:00.0
71832,111811,2,990,323.994,0,647.988,77EEE4D0-5FAC-4B5E-8AA6-E25E32D831EC,00:00.0
71832,111812,3,992,323.994,0,971.982,2856EB25-5AE5-4795-AE0D-1C23C9D03DC5,00:00.0
71832,111813,3,984,112.998,0.4,203.3964,F8D67EC8-224E-467D-B895-A784E5149611,00:00.0
71832,111814,1,779,1391.994,0,1391.994,A76F6C50-6117-4B58-BE8E-6EBC0E39ECD1,00:00.0
71832,111815,1,780,1391.994,0,1391.994,478B4D27-07E7-4ABE-8F61-A6D8CC51F56C,00:00.0
71832,111816,2,944,158.43,0,316.86,237090D9-66B6-462B-8FA4-6CC863438EAC,00:00.0
71832,111817,1,808,26.724,0,26.724,591FB165-4CAD-4174-9274-9C807515D84E,00:00.0
71832,111818,1,809,37.152,0,37.152,7249F4A6-663A-4470-9119-5AB1DE2B9DA8,00:00.0
71832,111819,3,935,24.294,0,72.882,40108ADE-FF72-43CD-A59F-9304173CE49F,00:00.0
71832,111820,1,926,149.874,0,149.874,DA725A68-7DA4-4FE3-B9BD-A23F655ECEC0,00:00.0
71832,111821,6,917,158.43,0,950.58,CFE87323-1BCA-4443-B4E5-05177FD80E7D,00:00.0
71832,111822,1,920,158.43,0,158.43,DCF6C95D-A0E4-4272-BFF8-6B06B7F9574F,00:00.0
71845,112118,2,988,112.998,0.4,135.5976,6AB3B1F6-9144-4D4E-B13E-F531320E72A8,00:00.0
71845,112119,2,948,63.9,0,127.8,3A8CD181-CF26-46F3-AD02-D8889ECB8AF4,00:00.0
71845,112120,4,904,218.454,0,873.816,97D364AC-D0AE-48DC-A823-BA5238BA066E,00:00.0
71845,112121,3,742,818.7,0,2456.1,E17B8E63-47D7-4804-98A0-6937E1954316,00:00.0
71845,112122,2,780,1391.994,0,2783.988,A5C1D20D-EC2B-417B-A366-722782C1540F,00:00.0
71845,112123,1,945,54.894,0,54.894,2A80C324-FDD4-4866-90ED-A023AA53C48C,00:00.0
71845,112124,3,949,105.294,0,315.882,A2C4EBA1-132B-42CE-8916-B55EC13F343B,00:00.0
71845,112125,2,937,48.594,0,97.188,19E76F92-20CF-49D6-9D54-C699F9E48FF3,00:00.0
71845,112126,2,867,41.994,0,83.988,1A7CA6CF-03E6-4F90-AD08-F076F604B276,00:00.0
71845,112127,1,748,818.7,0,818.7,D57D58EE-FE30-404C-982A-577C3A2EA7F1,00:00.0
71845,112128,2,905,218.454,0,436.908,4AC896FA-31BF-46DC-9DED-56652060E36A,00:00.0
71845,112129,2,781,1391.994,0,2783.988,533D7438-E8BE-4B48-AEA9-7148179F1DB8,00:00.0
71845,112130,3,869,41.994,0,125.982,69DC8DDC-05B1-48C8-AD7D-C9CE63DB81A0,00:00.0
71845,112131,5,783,1376.994,0,6884.97,70180211-6C38-4BB5-9317-A5784A1410B2,00:00.0
71845,112132,2,784,1376.994,0,2753.988,A2674906-53B9-4FE6-BC74-10946E47F110,00:00.0
71845,112133,1,951,242.994,0,242.994,A1D9629F-CDBE-4122-BCD8-F3190D8BBF26,00:00.0
71845,112134,3,747,809.76,0,2429.28,A5B7A860-B0D0-4B1E-9A06-084FB278B0A6,00:00.0
71845,112135,1,809,37.152,0,37.152,CB494781-2EF4-4BDA-8EFF-27132EB102C4,00:00.0
71845,112136,2,920,158.43,0,316.86,08A04E11-CDA0-4D3E-8675-514A0097CD65,00:00.0
71845,112137,2,743,809.76,0,1619.52,7ACE9864-8050-4552-82D1-751C489B18ED,00:00.0
71845,112138,2,715,29.994,0,59.988,D9A12019-84E7-4907-BF8E-73BC352E490F,00:00.0
71845,112139,2,944,158.43,0,316.86,AF14AB19-019B-44BA-AD76-248EE2A086B3,00:00.0
71845,112140,1,808,26.724,0,26.724,70EBCDED-684D-4BC9-86F9-94CAE06B9D28,00:00.0
71845,112141,8,909,23.484,0,187.872,46A1C88A-CF3A-45EF-B6CE-8BD817E1553B,00:00.0
71845,112142,2,925,149.874,0,299.748,4FC2F213-B5F0-4ACF-8948-209292A52DC9,00:00.0
71845,112143,2,782,1376.994,0,2753.988,D7FC6800-1702-4636-A46A-E207AD934C43,00:00.0
71845,112144,2,910,31.584,0,63.168,74988939-9B08-48B6-89BC-B2BAF823D33A,00:00.0
71845,112145,3,996,72.894,0,218.682,B26B5113-F4E3-4099-BEA0-1B92F27B1AB6,00:00.0
71845,112146,3,779,1391.994,0,4175.982,11398C15-E0DC-41A1-8E2F-6B2A230AA639,00:00.0
71845,112147,4,924,149.874,0,599.496,DC8A797C-44E2-435F-836D-349B93107D43,00:00.0
71845,112148,3,952,12.144,0,36.432,FE78C429-1237-4B76-B709-88ABE25C9F21,00:00.0
71846,112149,2,936,37.254,0,74.508,7232FD67-8DB7-42F8-AD0D-6185299430F1,00:00.0
71846,112150,1,739,818.7,0,818.7,9A32772B-9B98-4B22-AA2B-F4E5FFD2A23E,00:00.0
71846,112151,1,984,112.998,0.4,67.7988,78557D82-1267-4F7C-93A7-E53AE2A3A85C,00:00.0
71846,112152,2,981,461.694,0,923.388,3A26F840-C413-4BEF-AEFF-B8D6218698E6,00:00.0
71856,112331,1,962,445.41,0,445.41,62B3D72F-3586-40AC-A24E-A6F07EB7CA4A,00:00.0
71856,112332,1,945,54.894,0,54.894,4733918F-DA34-4D30-B5B4-32F7537E609D,00:00.0
71858,112359,3,979,445.41,0,1336.23,D480D98B-7A82-4F10-83CC-1EEA54303ECF,00:00.0
71858,112360,1,962,445.41,0,445.41,F13ADC78-C384-40E9-9456-277A736625A8,00:00.0
71858,112361,1,953,728.91,0,728.91,6781A019-346F-4F87-A8A3-4727A2528B2E,00:00.0
71858,112362,2,715,29.994,0,59.988,00AAEA22-FCC5-4DF2-9B2B-7B4BE5231D7F,00:00.0
71858,112363,2,883,32.394,0,64.788,462BC7D6-8CC7-4713-931C-7690019AB694,00:00.0
71858,112364,1,957,1430.442,0,1430.442,F3E626BC-A6AB-431E-AA58-E208D07039A5,00:00.0
71858,112365,2,965,445.41,0,890.82,835734AB-162B-40FE-84F2-8510C9A68A36,00:00.0
71858,112366,1,952,12.144,0,12.144,E7EFBA7E-F973-492F-BB76-CA5F185C629F,00:00.0
71858,112367,2,948,63.9,0,127.8,48A6CEB9-C22B-4574-B9D4-088EDBF955C2,00:00.0
71858,112368,1,945,54.894,0,54.894,0CA930D8-078D-478A-B94D-D5F15BB07D02,00:00.0
71858,112369,1,972,728.91,0,728.91,EFE61DFF-2006-4EF0-B71E-7FF264555666,00:00.0
71858,112370,1,877,4.77,0,4.77,61372F55-E0C1-48B6-9FFA-A19294B96FA9,00:00.0
71858,112371,1,958,445.41,0,445.41,8AD90B76-E54D-43C5-AB86-CF3ADA30699A,00:00.0
71858,112372,1,969,1430.442,0,1430.442,7390968A-51BA-4EF1-810A-4FC528C299AD,00:00.0
71858,112373,2,961,445.41,0,890.82,E6D7D002-C0B4-4D61-BC20-37B76F5D2100,00:00.0
71858,112374,2,966,1430.442,0,2860.884,F6278AC8-8905-4B81-AF98-AB13B53438E9,00:00.0
71858,112375,3,712,5.394,0,16.182,1DC5A90D-B949-464D-9615-59A31FC99D43,00:00.0
71863,112391,11,875,5.2142,0.02,56.209076,A5B6A9C0-D946-41B4-B8B5-5833708E40F1,00:00.0
71863,112392,2,874,5.394,0,10.788,54C630C8-28FF-4680-8A71-177AF05289DE,00:00.0
71863,112393,2,998,323.994,0,647.988,6CD9CD06-ABDC-4702-A2D8-31158AFFFAE0,00:00.0
71863,112394,1,973,1020.594,0,1020.594,E70F8C24-1BAE-40C7-AC9E-0F344D73FBE4,00:00.0
71863,112395,1,711,20.994,0,20.994,78A6E36F-C8A7-42D7-BB3D-D0228BD380DC,00:00.0
71863,112396,3,999,323.994,0,971.982,D9CC6A31-7CFF-485F-BB62-C92EFA59FD7C,00:00.0
71863,112397,2,938,24.294,0,48.588,D64F8FC1-4C97-496D-927A-EE63E3267041,00:00.0
71867,112452,1,717,858.9,0,858.9,4A001055-B1F1-414C-88B0-B583DACA838B,00:00.0
71885,112644,3,876,72,0,216,A2577A76-E272-49E3-B195-AD8492DDF924,00:00.0
71885,112645,6,884,32.394,0,194.364,5699D8A7-525E-491E-81BC-4BAC286EAD6A,00:00.0
71885,112646,3,864,38.1,0,114.3,D4F591CF-EADE-4964-B9D7-E6A9332B0FBB,00:00.0
71895,112864,2,909,23.484,0,46.968,03821B63-8B09-40B2-9CDE-57F250734682,00:00.0
71895,112865,2,715,29.994,0,59.988,960A75EF-4AE1-4772-B472-19F4202B30FA,00:00.0
71895,112866,3,864,38.1,0,114.3,61AB1AE2-6D87-494B-B89A-76067578EAB8,00:00.0
71897,112898,1,966,1430.442,0,1430.442,A101CF4E-EB6F-43BD-B4B2-9DFE8288929E,00:00.0
71897,112899,4,979,445.41,0,1781.64,3CCC87C5-A8AF-4B86-8189-FA484FB0B534,00:00.0
71897,112900,3,969,1430.442,0,4291.326,5178AA61-ACA4-4DEF-99AC-EF614BB5D5EA,00:00.0
71897,112901,3,884,32.394,0,97.182,0E449034-3815-4952-B7AB-8883687E5E3B,00:00.0
71897,112902,4,712,5.394,0,21.576,0A3DFF58-2DA3-4430-A1D9-B8592DB22B5B,00:00.0
71897,112903,2,954,1430.442,0,2860.884,AAD85FB3-9F73-4531-BD84-5449266D0909,00:00.0
71897,112904,1,864,38.1,0,38.1,ECE19CF9-7E88-4AC8-88E4-7B47F2EC1A77,00:00.0
71897,112905,1,948,63.9,0,63.9,065A6EB9-8A87-41F7-8ABE-30FDF5E08E87,00:00.0
71898,112906,3,969,1430.442,0,4291.326,F4048A1B-C520-4A15-9C05-EFBF4253F7EE,00:00.0
71898,112907,4,978,445.41,0,1781.64,1AE7FCCB-B9AA-4A2C-A199-7D6D61A7DB47,00:00.0
71898,112908,4,996,72.894,0,291.576,3D7660F5-B76F-4E68-8508-BF84B9C26317,00:00.0
71898,112909,6,967,1430.442,0,8582.652,F97BC897-377F-465A-A3DB-31D360E360EF,00:00.0
71898,112910,3,970,728.91,0,2186.73,4778038A-7634-44FF-9D24-91B1E4B50A4C,00:00.0
71898,112911,1,956,1430.442,0,1430.442,785694CC-4D93-4AFB-97DB-D67C4A9A344A,00:00.0
71898,112912,3,960,445.41,0,1336.23,D63E1C95-390B-4BD3-AC1D-08D434AE4B59,00:00.0
71898,112913,3,994,32.394,0,97.182,6338D54E-5983-4139-A3B4-6CCE783B99F8,00:00.0
71898,112914,1,959,445.41,0,445.41,BB18183B-5006-4FEA-AD25-5F61F936E8C7,00:00.0
71898,112915,4,968,1430.442,0,5721.768,DDD89C33-48A8-402E-98E3-D1672FA1AB15,00:00.0
71898,112916,3,966,1430.442,0,4291.326,4791D9DF-BFE6-46FF-8D6C-9AF903B3D391,00:00.0
71898,112917,5,972,728.91,0,3644.55,905ADD5B-C258-4A0D-AFAB-CBDFBA6B25F1,00:00.0
71898,112918,4,949,105.294,0,421.176,EB88F353-60BC-4F70-B7B6-AED5A2C39764,00:00.0
71898,112919,1,958,445.41,0,445.41,B596F5B6-B07F-4AA3-943F-528436BDEBD0,00:00.0
71898,112920,3,945,54.894,0,164.682,198A573C-B3E4-4CF5-BFA1-309BAE00D735,00:00.0
71898,112921,5,971,728.91,0,3644.55,C28A061D-3E89-487A-99AE-17BE169C6AD3,00:00.0
71898,112922,2,953,728.91,0,1457.82,84D31325-130D-47C0-8958-5310EB85F518,00:00.0
71898,112923,1,889,602.346,0,602.346,5CA4F84A-BAFE-485C-B7AD-897F741F76CE,00:00.0
71898,112924,1,955,1430.442,0,1430.442,0A7C971A-D30F-4743-B2CA-5AD8DAABBF1B,00:00.0
71898,112925,3,964,445.41,0,1336.23,DAD93612-0446-4393-8981-36F6E1CC2E8A,00:00.0
71898,112926,3,916,31.584,0,94.752,FBCD9EFD-97AC-4A2E-8E37-8956519EADB9,00:00.0
71898,112927,1,948,63.9,0,63.9,8E3024F1-3732-4121-91E6-69E69057DCA9,00:00.0
71898,112928,3,979,445.41,0,1336.23,99FADF0A-60B8-4F2F-B3A7-16BBD2435796,00:00.0
71898,112929,3,951,242.994,0,728.982,EDAAFADD-1974-4013-953C-FFA991F8AD06,00:00.0
71898,112930,3,954,1430.442,0,4291.326,B2EB253F-ED64-4F38-85DC-11F8CA18867A,00:00.0
71898,112931,1,952,12.144,0,12.144,A1F83341-9D19-4FE6-BC71-F7F717F92D2B,00:00.0
71898,112932,5,965,445.41,0,2227.05,3C97F6BD-91EC-4C84-9636-E088B415EE51,00:00.0
71898,112933,2,961,445.41,0,890.82,E11CF974-4DCC-4A5C-98C3-2DE92DD2A15D,00:00.0
71899,112934,2,881,32.394,0,64.788,F36B652A-E1DA-4CC2-ACCC-25ADE6F5B44C,00:00.0
71899,112935,1,988,112.998,0.4,67.7988,5093928D-08C4-44EA-BCC2-8E392C652D5C,00:00.0
71899,112936,1,981,461.694,0,461.694,95E3C4A3-C37B-48F7-A362-79A42C4C5AB9,00:00.0
71899,112937,1,743,809.76,0,809.76,720691A3-F983-4C72-BCA1-BAABF1D24914,00:00.0
71899,112938,1,808,26.724,0,26.724,D88CC408-801C-4E08-B2D2-5BAD00178F10,00:00.0
71899,112939,2,714,29.994,0,59.988,8EC0CD34-88BF-48CB-ADBE-511D82315647,00:00.0
71899,112940,2,944,158.43,0,316.86,6779A375-6DA6-40B0-B740-31C9A0974C98,00:00.0
71899,112941,1,937,48.594,0,48.594,69EFDBDE-3ED6-4654-B6C8-0EBFE4070B08,00:00.0
71902,112953,5,780,1391.994,0,6959.97,D87846F2-7F8A-4873-B957-B0CF08AB7B42,00:00.0
71902,112954,2,981,461.694,0,923.388,E166159A-D1C1-448E-A5B1-CDFB19A39C2E,00:00.0
71902,112955,1,904,218.454,0,218.454,17A34BCB-5542-4F94-B709-3A20E6E2D811,00:00.0
71902,112956,1,987,112.998,0.4,67.7988,0FEE9397-5DB3-46AA-AE1B-4AB85321F56A,00:00.0
71902,112957,7,783,1376.994,0,9638.958,BFDE6FF0-E6FD-488A-AA78-C06C85686878,00:00.0
71902,112958,5,781,1391.994,0,6959.97,912C572F-808F-4328-9B19-E9970D4CD78A,00:00.0
71902,112959,2,859,14.694,0,29.388,460D0EA3-C6B0-40F4-BC16-88DF7913F56F,00:00.0
71902,112960,7,869,41.994,0,293.958,9054E260-B941-47A7-8FC9-A59E4E5CE74F,00:00.0
71902,112961,2,908,16.272,0,32.544,06F6B747-FD45-4D42-90F5-333489C3189F,00:00.0
71902,112962,3,712,5.394,0,16.182,F1F4A541-E3AD-4C02-ABB8-A630B1176002,00:00.0
71902,112963,1,925,149.874,0,149.874,7E476DE8-D4B9-4F25-9107-9629C5D3BC15,00:00.0
71902,112964,2,937,48.594,0,97.188,0AB7DDCA-DB76-4A1E-9ACA-4509A63ECFEA,00:00.0
71902,112965,3,992,323.994,0,971.982,775B1BD0-00B8-45A6-A16B-A26438868755,00:00.0
71902,112966,3,980,461.694,0,1385.082,F146012F-1385-4BAB-94AA-87C0B98CE494,00:00.0
71902,112967,3,715,29.994,0,89.982,47433AFF-C5A3-48D5-A7D5-5BF6D4D3010A,00:00.0
71902,112968,4,935,24.294,0,97.176,94ECE99C-0A6D-4A2E-BDDD-4468841E754B,00:00.0
71902,112969,1,989,323.994,0,323.994,BD01D5A2-1626-4BD4-9B62-CE1C96603731,00:00.0
71902,112970,4,984,112.998,0.4,271.1952,163C96AB-42C9-411C-B8C5-58900E75A3E7,00:00.0
71902,112971,2,982,461.694,0,923.388,C5DB243B-4B7E-4B4C-9D31-0D0CFD9472DB,00:00.0
71902,112972,8,782,1376.994,0,11015.952,0A47C60C-01B1-4354-8F74-1449929DD118,00:00.0
71902,112973,2,784,1376.994,0,2753.988,6F70D41D-8CBF-4364-833C-77C0B7014246,00:00.0
71902,112974,1,810,72.162,0,72.162,79F49A8F-7F7B-459C-B8CB-3331E83803A9,00:00.0
71902,112975,1,926,149.874,0,149.874,F2064E41-044A-4A42-9342-FB45BE83EB88,00:00.0
71902,112976,3,714,29.994,0,89.982,89639F66-7BC7-456D-BDF5-0DBB55BD5A20,00:00.0
71902,112977,7,870,2.994,0,20.958,3730D783-97D7-4E3D-8B70-1F0159565D4D,00:00.0
71902,112978,4,876,72,0,288,7C17713B-9924-4AEE-8F84-BEE799FD4722,00:00.0
71902,112979,5,877,4.77,0,23.85,8D6E8186-184B-4DB1-81F7-57433979C931,00:00.0
71902,112980,2,707,20.994,0,41.988,212B53D0-3779-4FE6-B886-8DDA35E8C81A,00:00.0
71902,112981,1,993,323.994,0,323.994,252017A4-E2C0-4E3E-A6AD-ABDFD8DE5108,00:00.0
71902,112982,6,864,38.1,0,228.6,5237EA9E-09F6-4B3B-9ED2-DC7D42149A5A,00:00.0
71902,112983,7,867,41.994,0,293.958,64242BE0-A1C4-473D-B34B-E2B9D8DB3A8B,00:00.0
71902,112984,2,809,37.152,0,74.304,EF76F770-C6FC-4417-B84B-27F3EBD55265,00:00.0
71902,112985,3,988,112.998,0.4,203.3964,09E7A695-3260-483E-91F8-A980441B9DD6,00:00.0
71902,112986,5,880,32.994,0,164.97,50D440AE-4E4A-469A-BE69-95E238392B28,00:00.0
71902,112987,1,936,37.254,0,37.254,F98582C9-3C42-4AD1-8D30-B99FCAC7EB20,00:00.0
71902,112988,4,708,20.994,0,83.976,D1304741-D1CB-4594-AE1A-9E794699E447,00:00.0
71902,112989,3,779,1391.994,0,4175.982,EC3B8E1A-B21E-4C5D-A63F-7A5ED4305FCA,00:00.0
71902,112990,2,991,323.994,0,647.988,7A5DEF9C-3416-4403-8A59-459E054D73FC,00:00.0
71902,112991,5,883,32.394,0,161.97,5C7825F8-AA47-4C4D-8967-2CE6C0DBF848,00:00.0
71902,112992,1,910,31.584,0,31.584,5DCCE359-9296-4E50-88ED-0FB20F7C39BB,00:00.0
71902,112993,2,881,32.394,0,64.788,7ADD4116-51D9-4742-8DAD-C298E3ECC1EA,00:00.0
71902,112994,5,985,112.998,0.4,338.994,A4BB8550-9D18-4837-9944-92DF955382B8,00:00.0
71902,112995,7,711,20.994,0,146.958,4B4F24A7-6007-497D-8026-3325412855FF,00:00.0
71902,112996,1,986,112.998,0.4,67.7988,A86E4946-B7DB-4577-A236-9200FBFDB473,00:00.0
71902,112997,7,748,818.7,0,5730.9,F4876C84-DFC4-4405-8D02-9E2645CECD05,00:00.0
71902,112998,5,884,32.394,0,161.97,2BC75480-60DA-4E31-B776-F7BBEF432C16,00:00.0
71902,112999,2,918,158.43,0,316.86,A4701E96-2541-4A35-902F-F241F9D79C9D,00:00.0
71902,113000,3,905,218.454,0,655.362,3ADAF197-93F2-433B-BC8A-35FA25FE4172,00:00.0
71902,113001,4,983,461.694,0,1846.776,C58FD8F6-FCBC-4A9A-8919-858DB6709CE3,00:00.0
71902,113002,6,865,38.1,0,228.6,DA8F6556-76DE-42AD-8A9A-9664B87B3078,00:00.0
71915,113089,3,836,356.898,0,1070.694,AA3C697D-653D-4D79-B824-B92672FE8B9E,00:00.0
71915,113090,2,738,202.332,0,404.664,C3888ABC-6C37-44F8-95C2-C014F4A8B999,00:00.0
71915,113091,4,938,24.294,0,97.176,8176ABDE-BA97-4615-975B-E8FE6287C1D4,00:00.0
71915,113092,3,939,37.254,0,111.762,F36A30A7-8D42-456C-B69F-9886545954D9,00:00.0
71915,113093,1,940,48.594,0,48.594,D97C6CED-940A-4A42-A65D-6C6F5397EEBF,00:00.0
71917,113100,7,875,5.394,0,37.758,4BB98B71-6294-41E4-9413-D9DDE375CA5D,00:00.0
71920,113139,1,973,1020.594,0,1020.594,DED76307-D4F3-404F-96FE-43087F1DEB35,00:00.0
71920,113140,3,938,24.294,0,72.882,1DA9EF0C-F53B-41B9-BCE5-F5B6A379A141,00:00.0
71920,113141,1,976,1020.594,0,1020.594,5B5EAF22-87A1-430F-90BA-EE722D285694,00:00.0
71920,113142,7,884,32.394,0,226.758,8A1D6FAD-637B-4088-81BD-4F8E3E8BAF16,00:00.0
71920,113143,3,864,38.1,0,114.3,DC08D140-4146-4137-A2FD-950F9E783A1B,00:00.0
71920,113144,1,876,72,0,72,988E64D9-7DB3-4613-A379-CABA1EF8F752,00:00.0
71923,113152,1,870,2.994,0,2.994,EF4F992E-9FD3-4F31-A5A8-E3846DE82290,00:00.0
71923,113153,4,874,5.394,0,21.576,DBD6974D-A99B-42AA-8EC0-9CDFF8657AA7,00:00.0
71923,113154,14,875,5.2142,0.02,71.538824,C13BEDEC-B48C-4FC6-AD8E-4C6689EEDB48,00:00.0
71935,113219,3,874,5.394,0,16.182,040CB9C0-2438-471E-8749-82ADAD28B256,00:00.0
71935,113220,1,938,24.294,0,24.294,4E1898FF-672D-4A55-B3C0-CE524B17364C,00:00.0
71935,113221,3,973,1020.594,0,3061.782,FEBA8A52-DD90-4986-AADE-45DA31521226,00:00.0
71935,113222,2,976,1020.594,0,2041.188,22CDFAF4-D15D-4301-8066-5FA1ABFCF987,00:00.0
71935,113223,1,998,323.994,0,323.994,A6E8D782-457A-413E-8ED9-ED74F8353CD9,00:00.0
71935,113224,13,875,5.2142,0.02,66.428908,3C4E9E2D-F15F-4D2A-8155-AB8C21B4F540,00:00.0
71936,113225,3,944,158.43,0,475.29,4DB061B0-EDE3-420B-B998-ACD51E94646A,00:00.0
71936,113226,4,985,112.998,0.4,271.1952,6DF0630C-72A7-4313-B23C-7CD5B7B9E2B2,00:00.0
71936,113227,4,996,72.894,0,291.576,59CDB581-D059-4E2F-80B2-4FA82FD61BD5,00:00.0
71936,113228,1,707,20.994,0,20.994,B1A85C0F-2891-4412-B866-DAD7F0B35796,00:00.0
71936,113229,1,926,149.874,0,149.874,B9961E3A-66A8-466F-941B-14A6858E1EB3,00:00.0
71936,113230,4,808,26.724,0,106.896,67EB5E24-9231-4656-B19D-27998D6D707D,00:00.0
71936,113231,5,992,323.994,0,1619.97,B8ACC9DC-2442-429C-B523-34CA3453E3B8,00:00.0
71936,113232,6,951,242.994,0,1457.964,0B908C0C-DBEE-485A-B45B-52E3D0F789F2,00:00.0
71936,113233,3,780,1391.994,0,4175.982,AFCDC337-6775-486C-BD57-2E2729931857,00:00.0
71936,113234,2,905,218.454,0,436.908,49FB0E07-067C-4426-9718-90B4DE97BBA1,00:00.0
71936,113235,4,747,809.76,0,3239.04,C0AE4496-D051-4F21-80EF-141AF9CFA5EB,00:00.0
71936,113236,14,867,40.5942,0.02,556.952424,59BEA0EC-82E3-4E0A-B1A6-5B9A3C1A6FDE,00:00.0
71936,113237,3,935,24.294,0,72.882,88D401B9-71D2-42D0-ABD2-0B2E9FD92A05,00:00.0
71936,113238,5,945,54.894,0,274.47,3CED642F-CE77-4DCE-9F38-3BABC74761E1,00:00.0
71936,113239,5,924,149.874,0,749.37,D4EE51CF-E27F-435F-AE5B-2CD7B7DD49AE,00:00.0
71936,113240,10,783,1376.994,0,13769.94,E30EA1FB-B08D-43BB-9A15-B6986843B5B4,00:00.0
71936,113241,5,784,1376.994,0,6884.97,F238261C-B9D4-40E7-9C98-759E95356EB5,00:00.0
71936,113242,5,748,818.7,0,4093.5,67605E69-CA8E-4471-A9EF-5D673B823919,00:00.0
71936,113243,2,981,461.694,0,923.388,8DCC225D-27E8-4BF1-9A51-AF1A25C6EB7C,00:00.0
71936,113244,5,894,72.876,0,364.38,174A0011-0CD4-44CE-952B-CEA83042A4C9,00:00.0
71936,113245,4,779,1391.994,0,5567.976,4AC5AD5E-E0F0-4A70-AE6B-CE200178E737,00:00.0
71936,113246,8,782,1376.994,0,11015.952,F8D766DF-BF52-4035-9471-A530C2B56417,00:00.0
71936,113247,8,869,41.994,0,335.952,7C317B19-9D14-4B2F-99D5-21870E899106,00:00.0
71936,113248,3,952,12.144,0,36.432,12E5AC5B-C887-46E6-8B09-E09203100879,00:00.0
71936,113249,3,949,105.294,0,315.882,07E3F54B-AE6B-4384-8F47-DBE2C153BDC0,00:00.0
71936,113250,5,937,48.594,0,242.97,3FDA5638-56EA-411A-A131-01CF7AC0D771,00:00.0
71936,113251,3,910,31.584,0,94.752,B5ED275F-49ED-4F4B-B3A7-48B9CF8DD9BE,00:00.0
71936,113252,2,917,158.43,0,316.86,8B718B1F-AE37-4D80-B1FB-AFEFA0FFF6E1,00:00.0
71936,113253,3,994,32.394,0,97.182,9A169C16-6718-472B-9B8E-F08287ADE9B1,00:00.0
71936,113254,1,984,112.998,0.4,67.7988,7D17325C-F7F4-4C3B-AF45-3759E79BE956,00:00.0
71936,113255,6,860,14.694,0,88.164,104E28AD-A3BC-4DAC-AE92-B5A5DD122CF9,00:00.0
71936,113256,4,948,63.9,0,255.6,409BC176-624A-4B03-B400-6A781A689213,00:00.0
71936,113257,6,925,149.874,0,899.244,F186EC8C-C220-45F5-B2F1-A71F776DE245,00:00.0
71936,113258,3,908,16.272,0,48.816,1E23A432-F5BB-43A0-AC92-2B1E7C950A72,00:00.0
71936,113259,1,918,158.43,0,158.43,D974FA30-9E36-45F9-9985-1A1105CA87CD,00:00.0
71936,113260,4,743,809.76,0,3239.04,60C0ECC9-3F6C-4C08-8DC5-C45A07DDB50F,00:00.0
71936,113261,5,739,818.7,0,4093.5,E8E72212-63B5-4456-882C-EFA2560C655C,00:00.0
71936,113262,2,987,112.998,0.4,135.5976,86838275-4711-435C-8EF9-9FE4924B47D9,00:00.0
71936,113263,5,809,37.152,0,185.76,35578B52-DDDB-44C6-917C-A9EF90BD8A71,00:00.0
71936,113264,2,904,218.454,0,436.908,2000D44E-0E7C-4FBA-96D9-55D18727DB36,00:00.0
71936,113265,4,781,1391.994,0,5567.976,0415BEF2-9BAB-4E5C-9969-C2732D00934A,00:00.0
71936,113266,4,868,41.994,0,167.976,E0F7DC39-CC81-4772-BA44-73B5ED6EF339,00:00.0
71936,113267,5,988,112.998,0.4,338.994,FB4C7E71-F938-4724-AB4A-6A35CCDF8CAE,00:00.0
71936,113268,7,742,818.7,0,5730.9,F0BA94E6-F0B3-4A55-9091-60C797950FF1,00:00.0
71936,113269,2,936,37.254,0,74.508,059CDC00-5C89-4D66-B7BB-E20A777DA63A,00:00.0
71936,113270,6,909,23.484,0,140.904,505672C0-9AF6-4B59-A1C1-8F38198306BF,00:00.0
71938,113274,5,973,1020.594,0,5102.97,74D8A174-0FBA-421B-ABE3-B54C728A1A95,00:00.0
71938,113275,3,876,72,0,216,AC17EB2E-C4B8-44BA-9799-6F814C84E400,00:00.0
71938,113276,2,835,356.898,0,713.796,7D738F6B-9825-4FD3-9D21-F703CBCED4F4,00:00.0
71938,113277,3,974,1020.594,0,3061.782,9B9A0C77-1B13-4411-9DD0-26027FAEB98C,00:00.0
71938,113278,3,707,20.994,0,62.982,E000AFD3-CCD5-43E8-A10F-B29EC9CAEAED,00:00.0
71938,113279,1,813,72.162,0,72.162,9D987E75-E96D-4903-BE36-0CE579A6F47B,00:00.0
71938,113280,5,938,24.294,0,121.47,5A1CAEAF-6394-432D-906F-B0826D629C65,00:00.0
71938,113281,5,884,32.394,0,161.97,EADB5FC1-5744-4A62-825C-406B7F8720A3,00:00.0
71938,113282,3,711,20.994,0,62.982,C01D83F5-CF9A-42E6-967C-D6ECC3A59B49,00:00.0
71938,113283,1,712,5.394,0,5.394,23A06D81-FC31-45F6-A969-A224FCE4F713,00:00.0
71938,113284,5,940,48.594,0,242.97,D9D2A6AD-347A-4C99-85A0-F6F037A3A683,00:00.0
71938,113285,3,792,1466.01,0,4398.03,375A2DF5-72C6-44CD-8789-30EEBF0E5B86,00:00.0
71938,113286,5,976,1020.594,0,5102.97,D8261319-F5FF-4DAA-8698-5A68C2141F61,00:00.0
71938,113287,5,798,672.294,0,3361.47,E4931D3E-3865-45D5-AD17-1ECC69F8ED52,00:00.0
71938,113288,4,799,672.294,0,2689.176,C9FCF326-D1B9-44A4-B29D-2D1888F6B0FD,00:00.0
71938,113289,4,864,38.1,0,152.4,11E8E6A3-EB52-45CA-A51C-3F1FC7A2F272,00:00.0
71938,113290,2,714,29.994,0,59.988,87A4EC8D-B4F3-4D27-B025-FC416D8CB7D0,00:00.0
71938,113291,4,999,323.994,0,1295.976,2947CA98-A4F4-4554-B725-9C2CD3592916,00:00.0
71938,113292,5,998,323.994,0,1619.97,2D0316BD-074D-4F2E-88A5-4E56F84562CD,00:00.0
71938,113293,6,877,4.77,0,28.62,B3DD9942-1C2E-4B0E-9B30-DEA600B36D0D,00:00.0
71938,113294,3,796,1466.01,0,4398.03,1618C9DC-78A0-4936-B89A-C2466681C11F,00:00.0
71938,113295,5,708,20.994,0,104.97,964B3375-8EE7-46C6-8149-FB72FC2E267B,00:00.0
71938,113296,5,865,38.1,0,190.5,97AE3231-5A4D-4988-9EE5-A33971AAF34D,00:00.0
71938,113297,3,738,202.332,0,606.996,64EF2A38-A413-406E-A514-6CF142F25AC6,00:00.0
71938,113298,3,883,32.394,0,97.182,2DDEBB25-330D-4361-A774-CA44D29D1E05,00:00.0
71938,113299,3,997,323.994,0,971.982,0ACDEADE-29A9-465D-923B-41CC21ECF57B,00:00.0
71938,113300,8,870,2.994,0,23.952,EFBD0F32-CACC-4429-9477-DA43F9A04348,00:00.0
71938,113301,6,795,1466.01,0,8796.06,05A28311-9869-486B-BA7B-539517A25F97,00:00.0
71938,113302,4,874,5.394,0,21.576,DD5E62B4-0457-457F-8307-82F5C1EEE470,00:00.0
71938,113303,2,859,14.694,0,29.388,E7C11996-8D83-4515-BFBD-7E380CDB6252,00:00.0
71938,113304,5,975,1020.594,0,5102.97,3304DCA0-A7A4-43B5-99A2-8C810F7A7161,00:00.0
71938,113305,3,793,1466.01,0,4398.03,4B32E728-ACDD-47F7-A2B0-1E4ADC606E7F,00:00.0
71938,113306,5,797,672.294,0,3361.47,CF099A40-BB51-40B1-9FE1-F47A0DE2A342,00:00.0
71938,113307,7,880,32.994,0,230.958,F003AED8-258B-4234-83BC-EF7516E5B90F,00:00.0
71938,113308,4,977,323.994,0,1295.976,E295D970-DBB5-4962-AAB5-C836A8953276,00:00.0
71938,113309,5,801,672.294,0,3361.47,B80C355F-E9A2-4307-8EE0-3AB7F95C8542,00:00.0
71938,113310,7,794,1466.01,0,10262.07,4BC1AD3F-F801-49DF-B805-6B67D52952FF,00:00.0
71938,113311,6,939,37.254,0,223.524,729832FE-0FDC-449D-A720-F2A96E03B392,00:00.0
71938,113312,3,715,29.994,0,89.982,64FBAAAB-9400-4664-ADD7-97115B75B27B,00:00.0
71938,113313,1,881,32.394,0,32.394,67D4E5D4-9629-49A6-A6E0-9E1C4CDEE3DE,00:00.0
71938,113314,2,875,5.394,0,10.788,352D06E9-8456-4966-9C73-3F227B023962,00:00.0
71938,113315,3,800,672.294,0,2016.882,78F73142-E566-453F-A2B9-88A0FCAF4552,00:00.0
71946,113406,1,916,31.584,0,31.584,B571CEE0-A90A-4E76-9796-379B55352A28,00:00.0